max_num_layers:  10
Setting up population.

[4, 82, 27, 20, 1, 9, 0, 5, 0.16124019541565537, 0.17394060956723922, 4, 71, 4, 5, 3, 8, 0, 6, 0.9445960683947393, 0.9618709025230591, 3, 2, 1, 1, 4, 3, 1, 8, 0.6927682605403064, 0.8499390007350122, 4, 98, 1, 7, 1, 9, 0, 2, 0.2611561345623957, 0.6385032305911895, 1, 2, 1, 1, 9, 8, 1, 7, 0.20106741589434352, 0.08024962291563409, 5, 81, 1, 2, 6, 10, 1, 9, 0.5340730727709623, 0.28281802651825405, 0, 68, 1, 1, 8, 5, 0, 7, 0.18302017709337082, 0.5965447199396717, 5, 100, 1, 1, 1, 5, 1, 8, 0.3810127751850104, 0.8668376996202372, 2, 21, 1, 1, 7, 9, 0, 3, 0.6390152211697842, 0.9478266789834567, 2, 62, 1, 1, 7, 8, 1, 1, 0.3601186140013872, 0.25479796779351715]
[0, 7, 27, 20, 4, 3, 0, 8, 0.02884179394938924, 0.2845884426365687, 3, 51, 4, 5, 4, 5, 1, 7, 0.6758866858931956, 0.43632886753804057, 4, 15, 1, 1, 5, 3, 1, 1, 0.19783638610523013, 0.8349427741064748, 3, 99, 1, 7, 10, 6, 0, 3, 0.6821039586098318, 0.6800506858587556, 5, 20, 1, 1, 2, 4, 1, 9, 0.2478133319616843, 0.9648136249414547, 3, 7, 1, 2, 6, 9, 1, 9, 0.5591909498920563, 0.5201646211376743, 2, 38, 1, 1, 5, 1, 0, 8, 0.2784989411975679, 0.44670087742663644, 3, 97, 1, 1, 8, 8, 0, 5, 0.8246162339342636, 0.6152770870266413, 5, 72, 1, 1, 10, 9, 1, 3, 0.8930269737846555, 0.00513232847071976, 1, 65, 1, 1, 9, 6, 1, 0, 0.49712368528890793, 0.9829441866398054]
[4, 16, 27, 20, 1, 7, 0, 0, 0.9159740709035259, 0.229156738969305, 3, 68, 4, 5, 4, 6, 0, 5, 0.5394877887553904, 0.46476153223968675, 5, 99, 1, 1, 4, 8, 1, 1, 0.5812495142341431, 0.10820860579378266, 3, 39, 1, 7, 5, 7, 1, 10, 0.5048366246983425, 0.5187583371063059, 0, 94, 1, 1, 3, 7, 1, 0, 0.8291009191438187, 0.34257052259781684, 2, 99, 1, 2, 0, 6, 1, 0, 0.06487864626488482, 0.7181219236020515, 5, 97, 1, 1, 10, 6, 0, 10, 0.263545245451165, 0.4002580589486313, 3, 94, 1, 1, 4, 7, 1, 2, 0.8620373810102963, 0.8653611017131265, 2, 66, 1, 1, 4, 5, 1, 7, 0.38651102077095, 0.9951675043284575, 1, 30, 1, 1, 4, 3, 0, 5, 0.00874654487743387, 0.5475770683615722]
[2, 23, 27, 20, 0, 8, 0, 8, 0.0782522239875395, 0.23882502341807388, 1, 29, 4, 5, 2, 10, 1, 2, 0.8828347027044029, 0.30320010105275697, 0, 37, 1, 1, 3, 3, 1, 2, 0.6825734640043146, 0.14432135966176696, 1, 95, 1, 7, 0, 5, 1, 8, 0.9063494649656707, 0.2274940083750142, 1, 99, 1, 1, 4, 9, 1, 2, 0.6882523101824396, 0.9604774702617389, 3, 19, 1, 2, 10, 8, 0, 7, 0.2680986148279614, 0.7644202774937352, 2, 9, 1, 1, 10, 9, 0, 0, 0.26399566678137765, 0.3706239171290556, 5, 2, 1, 1, 9, 3, 0, 0, 0.7319019661628461, 0.2889860023668972, 3, 34, 1, 1, 0, 2, 1, 9, 0.13817301028649598, 0.09693343119909925, 0, 57, 1, 1, 10, 10, 1, 0, 0.6353253274595839, 0.3268259330031795]
[5, 14, 27, 20, 5, 1, 0, 3, 0.060494281634891234, 0.9606366152805135, 3, 5, 4, 5, 8, 9, 0, 7, 0.9779480657712368, 0.5673062309307046, 2, 30, 1, 1, 5, 6, 1, 0, 0.24313813802959905, 0.0350075724019937, 5, 26, 1, 7, 4, 6, 1, 10, 0.8952248633415577, 0.7188025601795861, 2, 18, 1, 1, 7, 9, 1, 8, 0.4349421570919191, 0.38720623397529275, 2, 49, 1, 2, 3, 9, 1, 5, 0.06057248622325084, 0.02241097067194009, 1, 29, 1, 1, 8, 1, 1, 6, 0.8463524149857361, 0.5160830998506937, 2, 73, 1, 1, 5, 6, 1, 5, 0.60503322538997, 0.02143271905604882, 2, 10, 1, 1, 9, 10, 1, 10, 0.08471221252537064, 0.28353771165831365, 0, 39, 1, 1, 10, 3, 1, 2, 0.5412131192491971, 0.253803293813745]
[1, 21, 27, 20, 2, 4, 1, 7, 0.14895024943196322, 0.07300243482269908, 1, 43, 4, 5, 2, 9, 0, 10, 0.649505403263252, 0.6569666852326018, 1, 56, 1, 1, 4, 6, 0, 1, 0.3844590884692731, 0.4298386454349993, 4, 98, 1, 7, 5, 7, 0, 8, 0.790543674342147, 0.6794738163748275, 4, 99, 1, 1, 5, 9, 1, 10, 0.9024774555750622, 0.6334424553594774, 5, 20, 1, 2, 5, 10, 0, 0, 0.2485237639254082, 0.11868408997191182, 0, 68, 1, 1, 9, 3, 0, 5, 0.21815670233524398, 0.21429057002323249, 4, 13, 1, 1, 2, 6, 1, 3, 0.23972942230546435, 0.2505191867766231, 4, 78, 1, 1, 3, 6, 1, 5, 0.2718304710185123, 0.4216353218313995, 5, 59, 1, 1, 10, 6, 0, 5, 0.8783149070879357, 0.7636659476127806]
[1, 79, 27, 20, 0, 7, 0, 1, 0.4142114414317879, 0.8829610495934961, 1, 15, 4, 5, 3, 2, 1, 2, 0.8534125175477854, 0.705950326169743, 5, 23, 1, 1, 10, 6, 0, 1, 0.12153681835886787, 0.3462581125994719, 1, 54, 1, 7, 3, 3, 0, 8, 0.12362223711533049, 0.5932124189396462, 4, 30, 1, 1, 10, 3, 1, 10, 0.21695463295444273, 0.3393059318986438, 4, 59, 1, 2, 10, 1, 1, 2, 0.9640634049896303, 0.255419866137389, 0, 7, 1, 1, 2, 6, 0, 3, 0.6990663470765583, 0.11449276578113321, 3, 14, 1, 1, 1, 5, 1, 6, 0.8897072388478137, 0.24737940202983089, 2, 79, 1, 1, 5, 3, 0, 3, 0.13999336043035293, 0.8540110161464312, 2, 21, 1, 1, 2, 10, 0, 2, 0.4844579034874622, 0.038338960421223645]
[3, 87, 27, 20, 1, 7, 1, 4, 0.7010054195506223, 0.26870005160150523, 2, 8, 4, 5, 4, 9, 1, 5, 0.7875214840261866, 0.1768117663341684, 2, 10, 1, 1, 2, 7, 1, 6, 0.8395205475894513, 0.9409925369369903, 2, 54, 1, 7, 5, 9, 1, 0, 0.5545277805103708, 0.15157468207537483, 0, 49, 1, 1, 3, 5, 1, 9, 0.5840538621357978, 0.9383622807112193, 1, 72, 1, 2, 10, 3, 0, 5, 0.4014924874077115, 0.2195634073716829, 1, 20, 1, 1, 2, 10, 1, 8, 0.9878949319185188, 0.03822749441478601, 0, 22, 1, 1, 0, 5, 1, 3, 0.3768831191389316, 0.2788058788458736, 2, 63, 1, 1, 1, 8, 1, 1, 0.9872301694485626, 0.6546468404085068, 1, 79, 1, 1, 7, 2, 0, 1, 0.6447340328416001, 0.9239081880207906]
[2, 77, 27, 20, 8, 10, 1, 5, 0.43618180067565926, 0.7943528204758478, 2, 54, 4, 5, 9, 6, 0, 4, 0.5146260787891773, 0.9636427856152371, 3, 89, 1, 1, 3, 10, 0, 2, 0.8443527794975451, 0.7456661166310717, 5, 48, 1, 7, 4, 7, 0, 2, 0.751385893977588, 0.9142724830083264, 5, 14, 1, 1, 4, 7, 0, 1, 0.9233727239502005, 0.11612788636309845, 0, 76, 1, 2, 5, 3, 0, 1, 0.7880034093075956, 0.22888772238130295, 2, 68, 1, 1, 6, 8, 0, 4, 0.3241765011229675, 0.7094381214308035, 0, 45, 1, 1, 1, 3, 1, 6, 0.12978253515719196, 0.6100846263577863, 0, 11, 1, 1, 5, 10, 1, 5, 0.05544264412794264, 0.3306691483236758, 2, 58, 1, 1, 7, 7, 0, 10, 0.9686783785200417, 0.4960164243830628]
[2, 36, 27, 20, 9, 2, 0, 10, 0.7282336312828455, 0.5691609000310877, 4, 61, 4, 5, 10, 2, 0, 7, 0.7577994453504456, 0.3098168830742295, 3, 82, 1, 1, 2, 3, 1, 5, 0.8179427396379084, 0.019715254114738734, 0, 13, 1, 7, 9, 5, 1, 0, 0.8112574831635074, 0.5557408276794692, 3, 91, 1, 1, 5, 1, 1, 9, 0.6724480858696757, 0.671804701454876, 4, 97, 1, 2, 4, 7, 0, 2, 0.18332836136333153, 0.8123894660935831, 1, 71, 1, 1, 0, 4, 0, 3, 0.190294179121407, 0.988286996884693, 5, 96, 1, 1, 4, 2, 0, 10, 0.21426996174761226, 0.022834057006044906, 3, 89, 1, 1, 3, 4, 0, 2, 0.8782056610530942, 0.8358340454942746, 1, 28, 1, 1, 7, 4, 0, 3, 0.20202851714685888, 0.685212147107074]
[5, 18, 27, 20, 2, 9, 0, 7, 0.7360662544827354, 0.1889547300209351, 4, 38, 4, 5, 1, 2, 0, 8, 0.5290267606541431, 0.010007078174174566, 4, 28, 1, 1, 8, 3, 1, 0, 0.7154672112758764, 0.1870629469251207, 4, 79, 1, 7, 4, 8, 0, 1, 0.5288973443619016, 0.5530430651478745, 3, 73, 1, 1, 6, 4, 1, 9, 0.025592280761905783, 0.010915311107176584, 2, 84, 1, 2, 1, 6, 0, 3, 0.8364871710627357, 0.9256284208986884, 5, 74, 1, 1, 6, 1, 0, 3, 0.07670172617563464, 0.91387954602493, 0, 95, 1, 1, 7, 6, 0, 5, 0.026398300670573027, 0.8309552291499598, 1, 36, 1, 1, 4, 6, 0, 5, 0.8041658999660499, 0.6233548160500149, 2, 80, 1, 1, 7, 2, 1, 2, 0.623824045086648, 0.7249869534505439]
[2, 29, 27, 20, 8, 1, 1, 3, 0.03252864479272244, 0.06308599111591295, 5, 83, 4, 5, 9, 1, 0, 7, 0.5013457379067361, 0.7696362135922424, 4, 84, 1, 1, 6, 8, 0, 5, 0.9661128876999028, 0.8599569953721339, 3, 7, 1, 7, 9, 7, 1, 0, 0.8014530057459825, 0.32029928415630005, 2, 32, 1, 1, 6, 3, 1, 5, 0.9025112888712544, 0.6964345115447194, 1, 26, 1, 2, 4, 8, 0, 9, 0.9514777127184606, 0.949558027332809, 3, 8, 1, 1, 0, 5, 1, 3, 0.11160395082072416, 0.61305625729107, 2, 88, 1, 1, 8, 9, 1, 6, 0.7144385485839325, 0.14223361811048252, 4, 39, 1, 1, 3, 3, 1, 4, 0.9664322586262558, 0.3957592393581735, 5, 58, 1, 1, 0, 5, 1, 5, 0.9436758860591233, 0.2787557308289891]
[5, 90, 27, 20, 2, 9, 1, 8, 0.22281257710712787, 0.11868436613576971, 5, 36, 4, 5, 3, 7, 1, 10, 0.6226601513613292, 0.4340693190686188, 3, 42, 1, 1, 9, 3, 1, 8, 0.5934718892438378, 0.97592454729272, 0, 82, 1, 7, 5, 4, 0, 8, 0.9699054468923293, 0.5728424999249917, 3, 43, 1, 1, 3, 4, 1, 3, 0.2885534270160437, 0.930555905992106, 2, 47, 1, 2, 9, 4, 0, 4, 0.5325541176080788, 0.3441048492760028, 0, 24, 1, 1, 3, 7, 0, 5, 0.4487212351422065, 0.807697076480738, 0, 85, 1, 1, 0, 3, 0, 3, 0.15604127339535667, 0.26690252921473756, 2, 54, 1, 1, 8, 6, 0, 7, 0.7361337469280552, 0.6196451337642225, 0, 36, 1, 1, 8, 1, 1, 9, 0.7430217720623553, 0.6260475428585756]
[4, 29, 27, 20, 6, 2, 1, 5, 0.3225172014407892, 0.7725211730684348, 1, 59, 4, 5, 6, 8, 1, 5, 0.7527018234711397, 0.21664621562305586, 5, 57, 1, 1, 8, 10, 0, 1, 0.10814445760867697, 0.5585143848907269, 4, 36, 1, 7, 4, 1, 1, 4, 0.9162572383827705, 0.917802440549649, 5, 46, 1, 1, 8, 2, 1, 1, 0.9779863180045496, 0.2538767166291208, 0, 98, 1, 2, 10, 9, 0, 5, 0.12450813656861137, 0.6011557215906287, 4, 70, 1, 1, 8, 10, 0, 1, 0.25951012238109605, 0.1744786197474021, 4, 12, 1, 1, 5, 1, 0, 10, 0.5912413394130693, 0.7450960674400711, 5, 54, 1, 1, 4, 9, 0, 2, 0.34467641410428884, 0.36395281214669617, 2, 89, 1, 1, 3, 9, 0, 3, 0.6962648666636534, 0.3222715633606482]
[3, 28, 27, 20, 10, 2, 1, 5, 0.7414527669488897, 0.9451442398424416, 1, 50, 4, 5, 10, 5, 1, 5, 0.8898627955100405, 0.20870539436164282, 4, 84, 1, 1, 4, 4, 0, 7, 0.946420944109644, 0.3468856825582044, 1, 32, 1, 7, 8, 4, 0, 8, 0.5000488549930419, 0.35674195801682984, 3, 7, 1, 1, 6, 8, 0, 4, 0.4162746880268642, 0.46671552403778394, 2, 80, 1, 2, 9, 3, 0, 4, 0.9953501217473218, 0.5007737738813658, 5, 36, 1, 1, 6, 1, 1, 5, 0.8573413799844485, 0.5404335271111277, 3, 8, 1, 1, 10, 8, 1, 4, 0.03385304741425377, 0.7114846951073486, 3, 22, 1, 1, 4, 7, 0, 1, 0.6743283223221841, 0.6840865081139541, 3, 11, 1, 1, 10, 7, 0, 1, 0.09222856868798035, 0.8133956026030636]
[1, 6, 27, 20, 3, 5, 1, 3, 0.37755850739362107, 0.1536541421579143, 0, 96, 4, 5, 5, 3, 0, 0, 0.9656624565959216, 0.818321974744882, 0, 49, 1, 1, 0, 2, 0, 5, 0.8093702105488668, 0.6779520032460826, 2, 5, 1, 7, 6, 4, 1, 9, 0.28345087530638746, 0.028624947574229953, 3, 31, 1, 1, 4, 2, 0, 5, 0.48509940880204905, 0.2751558725642955, 0, 13, 1, 2, 5, 7, 0, 4, 0.9197160462129951, 0.7749155577464412, 5, 73, 1, 1, 4, 7, 0, 4, 0.7528263533102081, 0.22825730929783883, 0, 61, 1, 1, 3, 5, 0, 1, 0.19060247412482123, 0.05715570887671162, 1, 84, 1, 1, 7, 9, 1, 3, 0.2655381726366912, 0.02884451695627488, 3, 83, 1, 1, 0, 3, 0, 9, 0.21023069568875707, 0.8832781015476155]
[5, 80, 27, 20, 3, 2, 1, 1, 0.25687425509306616, 0.8379401081202358, 4, 46, 4, 5, 7, 6, 1, 3, 0.17792454396274127, 0.21007723743658158, 3, 30, 1, 1, 1, 2, 1, 10, 0.5946600605773203, 0.7811251030538522, 2, 98, 1, 7, 6, 5, 1, 5, 0.5221972787922637, 0.36641262750161196, 2, 99, 1, 1, 10, 10, 0, 7, 0.6556431395341936, 0.7376296107953355, 5, 43, 1, 2, 6, 8, 1, 4, 0.1216953842348586, 0.0796356961301623, 3, 93, 1, 1, 10, 4, 1, 0, 0.49531286194042135, 0.18826190351330907, 2, 18, 1, 1, 2, 1, 1, 7, 0.4215473424237931, 0.13706286816683755, 0, 30, 1, 1, 3, 8, 0, 7, 0.5862697569750167, 0.859649251258169, 3, 61, 1, 1, 7, 3, 1, 9, 0.7823205514643512, 0.2456140744661116]
[3, 41, 27, 20, 4, 8, 0, 10, 0.3059377402277257, 0.29000506385180846, 4, 23, 4, 5, 4, 5, 1, 10, 0.9158529783874056, 0.06984199966616633, 5, 12, 1, 1, 6, 4, 1, 9, 0.38888185580013734, 0.9399580371035183, 3, 50, 1, 7, 4, 4, 1, 1, 0.5326982165804173, 0.08083811983945033, 3, 75, 1, 1, 10, 5, 1, 3, 0.9601355972861305, 0.29052642774443693, 0, 53, 1, 2, 0, 5, 1, 10, 0.24672116938490452, 0.2093533201785266, 5, 53, 1, 1, 5, 7, 1, 9, 0.6744849925215092, 0.31099773491709126, 3, 57, 1, 1, 8, 10, 0, 8, 0.08721673640909111, 0.9669745102003314, 5, 46, 1, 1, 10, 3, 0, 8, 0.8554601096388283, 0.5732403664758676, 5, 84, 1, 1, 2, 1, 0, 8, 0.00804508109793367, 0.8034176123704503]
[1, 46, 27, 20, 10, 4, 0, 6, 0.5085167678706521, 0.3421931204134563, 0, 81, 4, 5, 3, 6, 1, 0, 0.503017965658889, 0.5066793174178218, 2, 35, 1, 1, 3, 3, 0, 2, 0.48611267492089716, 0.2960285532568765, 3, 74, 1, 7, 4, 9, 0, 10, 0.9800174202359105, 0.4053031780739109, 0, 95, 1, 1, 5, 3, 0, 6, 0.6271830632420343, 0.8004196765045479, 5, 73, 1, 2, 6, 9, 1, 10, 0.3609953644109224, 0.9185081057489761, 1, 98, 1, 1, 6, 10, 1, 1, 0.3394362160594099, 0.018460908865945536, 3, 65, 1, 1, 10, 3, 1, 3, 0.8769548010463287, 0.7257255415478433, 0, 13, 1, 1, 3, 1, 1, 8, 0.8140086081022682, 0.3411089397803214, 4, 88, 1, 1, 7, 5, 1, 10, 0.15944698049962336, 0.2100234207821745]
[1, 11, 27, 20, 2, 1, 1, 5, 0.3727259154770677, 0.9602985814967291, 5, 97, 4, 5, 7, 7, 0, 8, 0.26880356232810876, 0.5859456240410862, 0, 92, 1, 1, 2, 3, 1, 2, 0.04398521445988968, 0.6825797510944371, 3, 47, 1, 7, 0, 7, 1, 5, 0.34528428427245594, 0.9812738721336047, 4, 2, 1, 1, 3, 8, 0, 1, 0.993767889650836, 0.7954803210999244, 2, 21, 1, 2, 10, 7, 0, 9, 0.8668730537979021, 0.5145066620816969, 0, 63, 1, 1, 1, 5, 1, 6, 0.5391333478345404, 0.41660747298971645, 5, 58, 1, 1, 4, 9, 1, 4, 0.7019378508966112, 0.35786957349355064, 2, 12, 1, 1, 8, 2, 1, 6, 0.28445506350422756, 0.5653653981336505, 4, 32, 1, 1, 8, 3, 1, 9, 0.6897863222933751, 0.7477365608871047]
[2, 8, 27, 20, 5, 3, 0, 9, 0.6536761637041255, 0.037777757166890136, 2, 56, 4, 5, 0, 7, 1, 0, 0.7401136927910004, 0.1163597349408807, 5, 7, 1, 1, 2, 7, 0, 5, 0.6909042055548223, 0.1220746970353298, 3, 16, 1, 7, 6, 7, 1, 8, 0.9635967979321013, 0.19949297933544952, 4, 48, 1, 1, 1, 7, 1, 9, 0.6444520732392006, 0.20589261791693747, 4, 81, 1, 2, 4, 3, 0, 4, 0.2063132312982794, 0.9665077053973679, 0, 82, 1, 1, 4, 10, 1, 6, 0.3103434108812758, 0.4709167772572932, 0, 5, 1, 1, 2, 6, 0, 3, 0.8401027722672054, 0.8389689553253733, 5, 97, 1, 1, 1, 6, 0, 3, 0.9065006224083605, 0.5867769568168483, 0, 85, 1, 1, 3, 8, 1, 5, 0.35937823125222, 0.6451286734400913]
[1, 26, 27, 20, 10, 9, 1, 7, 0.4038330527873176, 0.8461818257459367, 3, 78, 4, 5, 0, 6, 1, 9, 0.9053025512838195, 0.1338939836716423, 1, 40, 1, 1, 7, 7, 0, 2, 0.46985737183529275, 0.9284321223897909, 3, 59, 1, 7, 5, 7, 1, 6, 0.4259506240710389, 0.2782489470179551, 1, 75, 1, 1, 4, 10, 0, 3, 0.3244990876003204, 0.0801055485439841, 0, 22, 1, 2, 5, 6, 0, 10, 0.6613501425306053, 0.25734666213529356, 0, 34, 1, 1, 5, 7, 1, 0, 0.36418081460232665, 0.7996663122627463, 5, 3, 1, 1, 0, 5, 0, 10, 0.7532261143877377, 0.583400350443605, 5, 94, 1, 1, 3, 2, 1, 8, 0.8665318356139217, 0.037311913057403556, 0, 67, 1, 1, 0, 10, 0, 1, 0.20464348511086383, 0.3769513105862392]
[1, 51, 27, 20, 8, 4, 1, 10, 0.5757458932907115, 0.8906430007451763, 4, 27, 4, 5, 8, 9, 0, 3, 0.4336682776998214, 0.525975695668832, 2, 34, 1, 1, 9, 9, 1, 8, 0.8465378582284344, 0.8192192984192078, 3, 61, 1, 7, 10, 10, 0, 1, 0.08306601553391202, 0.8281062970139165, 2, 27, 1, 1, 6, 5, 0, 3, 0.3429841540674229, 0.9435527920374791, 2, 28, 1, 2, 1, 4, 0, 8, 0.17632494941949406, 0.4583237357995399, 5, 25, 1, 1, 8, 6, 0, 1, 0.24395412482080336, 0.02357226623477715, 0, 89, 1, 1, 5, 3, 1, 4, 0.8643842584665758, 0.3135475612078886, 0, 16, 1, 1, 10, 4, 1, 6, 0.7023417335826404, 0.062459129882013964, 2, 38, 1, 1, 2, 2, 1, 3, 0.966294431729575, 0.6071944927866776]
[0, 17, 27, 20, 4, 5, 1, 10, 0.09234696055033087, 0.8240350359153972, 2, 59, 4, 5, 10, 4, 0, 9, 0.30905905237766507, 0.3288164071991594, 1, 70, 1, 1, 6, 9, 0, 5, 0.849348686876574, 0.323811626387546, 1, 46, 1, 7, 4, 8, 0, 5, 0.6800465476143686, 0.546853071486184, 0, 7, 1, 1, 9, 10, 0, 10, 0.7091618298665981, 0.4497593102749333, 2, 62, 1, 2, 6, 7, 1, 9, 0.10702157812641144, 0.7181203287902825, 3, 10, 1, 1, 3, 6, 0, 10, 0.04045415766285143, 0.37858391816711745, 0, 45, 1, 1, 7, 2, 1, 3, 0.5648847341890542, 0.2853799494583591, 2, 96, 1, 1, 10, 3, 0, 6, 0.6923032998646161, 0.08751137598225034, 2, 9, 1, 1, 7, 3, 0, 2, 0.1810370691877261, 0.9900783748666881]
[0, 2, 27, 20, 2, 7, 0, 9, 0.8739123551835002, 0.2372115910015491, 4, 91, 4, 5, 8, 5, 1, 7, 0.6602232126648605, 0.7629600597028409, 3, 39, 1, 1, 5, 10, 0, 3, 0.0759099728007524, 0.31930053309234996, 0, 9, 1, 7, 6, 10, 1, 10, 0.15084594225317283, 0.5856922201214346, 4, 71, 1, 1, 10, 9, 1, 8, 0.1829547815633572, 0.17748913755708606, 0, 18, 1, 2, 2, 10, 0, 9, 0.7292207063994178, 0.8274088156835063, 0, 51, 1, 1, 5, 9, 1, 5, 0.3613436521781591, 0.8313729696701136, 3, 38, 1, 1, 8, 5, 0, 0, 0.37936502838533326, 0.8530341994908837, 4, 50, 1, 1, 2, 4, 1, 10, 0.5499991606968242, 0.5327687930290771, 3, 40, 1, 1, 0, 7, 0, 4, 0.019527482730734014, 0.32484671440426627]
[1, 39, 27, 20, 4, 3, 1, 1, 0.7094110621804351, 0.352421828232351, 5, 64, 4, 5, 5, 4, 1, 4, 0.9201147646868353, 0.6763487655183086, 1, 76, 1, 1, 3, 5, 1, 3, 0.11673730642550895, 0.0161359131158193, 0, 94, 1, 7, 8, 7, 1, 1, 0.6757248787640694, 0.39852089761843157, 1, 10, 1, 1, 4, 10, 0, 8, 0.8514282735680937, 0.39073077923570254, 4, 29, 1, 2, 1, 10, 0, 2, 0.11839613615634359, 0.12873141574765523, 1, 49, 1, 1, 10, 10, 0, 1, 0.939129624142884, 0.22486819592169105, 0, 35, 1, 1, 9, 6, 0, 6, 0.2978147917027064, 0.9446188853432143, 0, 95, 1, 1, 4, 5, 0, 5, 0.12901756929796349, 0.4668648204686471, 1, 8, 1, 1, 5, 8, 0, 6, 0.15820075812119772, 0.4306600302898945]
[3, 85, 27, 20, 8, 7, 0, 6, 0.08010284970590309, 0.45674648216301317, 3, 14, 4, 5, 0, 2, 0, 4, 0.06292929398968972, 0.19802295219630983, 5, 59, 1, 1, 2, 3, 0, 2, 0.6977241968242943, 0.7329733495883334, 5, 9, 1, 7, 5, 1, 1, 8, 0.28698643338653707, 0.1331272606845435, 3, 64, 1, 1, 3, 1, 0, 0, 0.7846484983475381, 0.5251358132882271, 1, 71, 1, 2, 6, 3, 0, 5, 0.19082869528383128, 0.08849804534797423, 3, 88, 1, 1, 4, 5, 1, 2, 0.024878411317573845, 0.5324952764540211, 1, 79, 1, 1, 7, 10, 1, 6, 0.5852118505746347, 0.4965620231377388, 0, 50, 1, 1, 8, 7, 0, 1, 0.09765258114074393, 0.1533338090981361, 5, 53, 1, 1, 4, 10, 1, 1, 0.02893134262012753, 0.5447937817699849]
[4, 4, 27, 20, 4, 10, 0, 9, 0.7016509856066356, 0.7446711541634877, 1, 24, 4, 5, 8, 2, 1, 1, 0.1230770322612389, 0.6663907174771473, 5, 35, 1, 1, 8, 1, 1, 10, 0.10580985267228948, 0.4890899797894369, 4, 59, 1, 7, 0, 4, 1, 7, 0.6373181144057333, 0.6303047692413262, 4, 28, 1, 1, 1, 8, 0, 8, 0.10573758371258202, 0.25957871599983184, 3, 18, 1, 2, 4, 1, 0, 8, 0.06986348287008326, 0.44370809552634294, 5, 73, 1, 1, 9, 4, 1, 2, 0.20499246730118648, 0.1889605649979984, 4, 92, 1, 1, 8, 7, 0, 10, 0.8684568751990509, 0.76036896969592, 4, 18, 1, 1, 10, 3, 0, 5, 0.2982651697700419, 0.6865880762947351, 3, 83, 1, 1, 9, 1, 0, 9, 0.5129424361125506, 0.3080419422197005]
[5, 34, 27, 20, 2, 7, 0, 4, 0.11602437601028681, 0.1296336937892375, 4, 37, 4, 5, 7, 5, 1, 4, 0.9012900284754222, 0.8149005570436333, 2, 62, 1, 1, 2, 9, 1, 5, 0.373815992647318, 0.9728303623672158, 4, 31, 1, 7, 3, 2, 1, 1, 0.33238787965118366, 0.8613313728164608, 5, 40, 1, 1, 9, 9, 1, 1, 0.26053075130355174, 0.5425832505608181, 1, 69, 1, 2, 0, 9, 1, 6, 0.8238107123748819, 0.7226340009027284, 4, 28, 1, 1, 6, 5, 0, 10, 0.9553514767949637, 0.966190948952878, 3, 75, 1, 1, 4, 5, 0, 6, 0.3680443534574527, 0.7245109564710486, 0, 44, 1, 1, 8, 9, 0, 3, 0.6526210701985317, 0.25098364653212957, 4, 26, 1, 1, 1, 10, 1, 9, 0.9727118157725224, 0.10384867516022644]
[5, 38, 27, 20, 4, 9, 0, 7, 0.2897850599012428, 0.39673122673531125, 5, 60, 4, 5, 2, 5, 1, 0, 0.9781014130155238, 0.979369677987705, 1, 50, 1, 1, 3, 4, 0, 2, 0.9820128241901083, 0.6328577119062895, 3, 27, 1, 7, 7, 10, 1, 3, 0.9409181237272533, 0.8350893403531141, 2, 76, 1, 1, 6, 7, 1, 8, 0.4012209025523774, 0.3601962309239226, 1, 87, 1, 2, 1, 5, 0, 0, 0.8569165500347905, 0.6568289817628863, 1, 26, 1, 1, 2, 7, 1, 4, 0.7868857770966878, 0.37055483293685665, 0, 35, 1, 1, 10, 8, 1, 6, 0.6575546961483243, 0.4720250457639448, 1, 26, 1, 1, 3, 2, 0, 7, 0.9150509058874695, 0.9141010472841509, 3, 91, 1, 1, 7, 5, 0, 6, 0.8374529986671425, 0.36370844485936127]
[4, 13, 27, 20, 10, 4, 0, 4, 0.11151158916234405, 0.5026169514117664, 2, 22, 4, 5, 4, 6, 0, 9, 0.09436499988424807, 0.022175317118824922, 5, 99, 1, 1, 9, 8, 1, 5, 0.4347983113245526, 0.019166798876088742, 2, 11, 1, 7, 3, 4, 0, 8, 0.9540582688712728, 0.8726938472934033, 1, 81, 1, 1, 3, 2, 0, 2, 0.8162227932538263, 0.7264509884691529, 4, 11, 1, 2, 4, 5, 1, 8, 0.15650484337461434, 0.3368766720375297, 2, 22, 1, 1, 9, 4, 0, 0, 0.4747000840336756, 0.32758196039902565, 5, 18, 1, 1, 3, 2, 0, 1, 0.4656279201619097, 0.22189653806738818, 4, 53, 1, 1, 6, 7, 0, 5, 0.15751834942220844, 0.31259271766272045, 3, 31, 1, 1, 7, 6, 1, 9, 0.5148254791258272, 0.4119678908331539]
[4, 52, 27, 20, 2, 3, 0, 10, 0.6171061961041969, 0.7072702962112304, 0, 26, 4, 5, 4, 3, 0, 8, 0.013008698680409103, 0.3129576318993206, 2, 74, 1, 1, 8, 4, 1, 10, 0.9244345578249721, 0.7455210096752543, 1, 66, 1, 7, 9, 10, 0, 7, 0.57316144003308, 0.05357797844299228, 1, 30, 1, 1, 4, 1, 1, 8, 0.8488203799166324, 0.4335774359320045, 2, 72, 1, 2, 3, 9, 1, 7, 0.20423865620643866, 0.6169912419085085, 5, 87, 1, 1, 0, 7, 0, 4, 0.19953750954540805, 0.34514681833795124, 1, 16, 1, 1, 1, 3, 0, 9, 0.19288892690103498, 0.2698133879400164, 4, 89, 1, 1, 9, 1, 1, 3, 0.025756865117781413, 0.7496270978463859, 5, 42, 1, 1, 3, 2, 0, 0, 0.801475408157572, 0.8479561544359556]
population_size:  32
selection_size:  16
MUTPB:  0.2
NGEN:  5000
Traceback (most recent call last):
  File "evolve_neural_network.py", line 516, in <module>
    pickle.dump(fitnesses, fil)
TypeError: 'NoneType' object is not iterable
srun: error: node002: task 0: Exited with exit code 1
