max_num_layers:  10
Setting up population.

[2, 18, 13, 15, 3, 4, 0, 7, 0.8072827361516753, 0.8756606007690186, 2, 25, 9, 6, 10, 7, 0, 3, 0.2039194743090752, 0.24025516503403677, 5, 91, 9, 12, 6, 6, 1, 6, 0.6219736443216094, 0.5469529666034642, 2, 42, 1, 1, 7, 8, 1, 7, 0.3161907703553759, 0.12816009367622816, 5, 5, 1, 1, 0, 8, 0, 1, 0.7595657778605516, 0.9571026462762023, 3, 32, 3, 1, 3, 8, 1, 4, 0.0259065646487201, 0.01168744619289075, 1, 18, 1, 1, 3, 1, 1, 5, 0.5212843711689551, 0.4122928511632751, 3, 18, 1, 1, 6, 3, 1, 3, 0.9964329269923023, 0.1267305682175479, 3, 31, 1, 1, 4, 6, 0, 9, 0.11368312737364605, 0.8937456782383457, 2, 55, 1, 1, 1, 7, 0, 4, 0.8929318172268639, 0.6275185235945085]
[1, 74, 13, 15, 5, 6, 1, 2, 0.5886048718104337, 0.8614498720313706, 4, 79, 9, 6, 6, 3, 0, 10, 0.7535278747067441, 0.338441524508722, 2, 65, 9, 12, 1, 7, 1, 10, 0.43231505217596733, 0.5906314910218243, 4, 98, 1, 1, 10, 7, 1, 3, 0.23356040094081154, 0.8994340121777439, 1, 19, 1, 1, 4, 10, 1, 6, 0.6389418768183895, 0.3449272611938371, 0, 12, 3, 1, 3, 1, 1, 6, 0.12660511112943162, 0.26369164310857207, 2, 34, 1, 1, 2, 1, 1, 0, 0.06892700851469225, 0.6772182754146945, 5, 98, 1, 1, 0, 7, 1, 5, 0.6363130531756518, 0.02961609762590045, 2, 15, 1, 1, 5, 6, 0, 9, 0.13880459022242442, 0.0690158438398133, 2, 49, 1, 1, 5, 1, 1, 8, 0.04948990212507587, 0.22999378146617022]
[2, 62, 13, 15, 6, 10, 1, 8, 0.7948400197167147, 0.21811889868819367, 3, 17, 9, 6, 1, 3, 1, 0, 0.4773454627553435, 0.4182497313283171, 4, 8, 9, 12, 1, 5, 0, 0, 0.7924326896454562, 0.9395547954341467, 2, 61, 1, 1, 6, 1, 1, 3, 0.11325696462854484, 0.010178066930718432, 5, 46, 1, 1, 5, 5, 1, 8, 0.12800552220483863, 0.2123711507162387, 3, 9, 3, 1, 8, 5, 1, 3, 0.8421489389644947, 0.19688542762293038, 1, 71, 1, 1, 2, 1, 0, 2, 0.8154322432243517, 0.6147847352759844, 2, 29, 1, 1, 0, 8, 0, 0, 0.9417733526918067, 0.37006534064416063, 5, 24, 1, 1, 9, 5, 0, 3, 0.29396863738214474, 0.4507156980630771, 1, 92, 1, 1, 4, 7, 1, 10, 0.35478000719184, 0.5828389950509054]
[2, 61, 13, 15, 6, 8, 0, 9, 0.1564122888012448, 0.756867758951479, 5, 9, 9, 6, 5, 4, 1, 7, 0.6054095407014329, 0.5612268283482397, 5, 97, 9, 12, 0, 5, 0, 9, 0.38047698866641233, 0.6620047034871975, 4, 20, 1, 1, 9, 10, 1, 1, 0.07715486139657923, 0.7345461776849301, 0, 69, 1, 1, 0, 3, 1, 0, 0.8208562072564777, 0.7684696360494256, 1, 98, 3, 1, 0, 3, 0, 7, 0.10034941936934771, 0.6061236387696223, 2, 55, 1, 1, 2, 2, 1, 3, 0.09514942794897352, 0.4584127595531161, 5, 17, 1, 1, 2, 1, 1, 1, 0.4432426685963823, 0.913442913155504, 1, 59, 1, 1, 8, 4, 0, 6, 0.6649051502707022, 0.6802361780359955, 4, 98, 1, 1, 2, 2, 1, 9, 0.4049057384367106, 0.24427371302493728]
[2, 79, 13, 15, 10, 5, 0, 1, 0.29961710408092934, 0.3046840640492281, 5, 72, 9, 6, 7, 4, 1, 7, 0.18032430691041457, 0.5064017896243884, 0, 19, 9, 12, 2, 6, 1, 2, 0.11408472602985253, 0.5195835725385628, 3, 37, 1, 1, 10, 8, 1, 10, 0.936024720996115, 0.1505407042959016, 3, 61, 1, 1, 10, 1, 1, 1, 0.10575481749054882, 0.03822364999868444, 5, 44, 3, 1, 9, 9, 0, 2, 0.2986178949065137, 0.29850725054354676, 0, 46, 1, 1, 2, 10, 0, 4, 0.9658494785420862, 0.12245961924296223, 3, 5, 1, 1, 8, 8, 0, 2, 0.6919503865014804, 0.3889836814264258, 1, 47, 1, 1, 4, 1, 1, 8, 0.6267221186774983, 0.455998997129886, 4, 36, 1, 1, 3, 5, 0, 5, 0.8105884415713162, 0.33810210863242773]
[1, 12, 13, 15, 10, 4, 0, 6, 0.5093733012493945, 0.6393176098187938, 4, 83, 9, 6, 4, 1, 0, 9, 0.34902762673428256, 0.03841634841080088, 4, 53, 9, 12, 8, 8, 0, 10, 0.228608664766474, 0.6847572507788413, 1, 42, 1, 1, 1, 9, 0, 6, 0.10987840838560525, 0.5251531276505237, 1, 58, 1, 1, 6, 7, 1, 1, 0.3158352673175018, 0.8071842503637591, 4, 92, 3, 1, 0, 2, 0, 9, 0.9256002629689334, 0.9637631243390213, 3, 17, 1, 1, 5, 1, 0, 8, 0.42420441380670504, 0.5773815472309746, 0, 73, 1, 1, 6, 4, 1, 10, 0.5908443827123083, 0.05884588478020647, 3, 33, 1, 1, 4, 7, 1, 0, 0.06638712133408065, 0.6090574296188537, 1, 33, 1, 1, 2, 3, 0, 2, 0.5798160912504134, 0.4994292333222382]
[1, 64, 13, 15, 6, 4, 1, 10, 0.8538621154461374, 0.26134870112111874, 5, 10, 9, 6, 5, 2, 0, 6, 0.16690661797609452, 0.8494689552813214, 3, 46, 9, 12, 1, 7, 0, 6, 0.44564299370445937, 0.8255627899231003, 5, 51, 1, 1, 1, 5, 0, 4, 0.7760473414530871, 0.908912460962542, 3, 18, 1, 1, 10, 10, 0, 0, 0.40556138989816237, 0.17420577260582115, 1, 10, 3, 1, 2, 3, 1, 8, 0.5028808440850432, 0.7346406237170973, 1, 16, 1, 1, 0, 10, 0, 6, 0.10925121126787862, 0.633012768504604, 4, 16, 1, 1, 8, 9, 1, 6, 0.4724045020935512, 0.9455834608346982, 5, 42, 1, 1, 6, 8, 1, 4, 0.11320994109022997, 0.11039591484047728, 2, 75, 1, 1, 2, 7, 0, 10, 0.37403039582722253, 0.1661684636631353]
[5, 37, 13, 15, 5, 10, 1, 3, 0.48639671536605833, 0.7908344233687348, 2, 2, 9, 6, 10, 6, 0, 3, 0.5434493216044214, 0.5823498222371523, 1, 16, 9, 12, 0, 4, 1, 4, 0.01783803240809434, 0.5693599446015365, 5, 12, 1, 1, 5, 3, 1, 5, 0.3781966281513198, 0.9898571364013145, 0, 41, 1, 1, 2, 7, 0, 2, 0.6991593379895609, 0.40489083085895194, 3, 91, 3, 1, 9, 6, 0, 8, 0.33563808536036766, 0.9581761594762896, 4, 87, 1, 1, 2, 3, 0, 3, 0.3338670176609184, 0.18375673003095516, 5, 53, 1, 1, 5, 1, 1, 4, 0.8939224628206859, 0.6426004495204025, 5, 88, 1, 1, 4, 10, 0, 4, 0.007528145902191863, 0.36875955019647433, 4, 56, 1, 1, 4, 9, 0, 9, 0.2516990008516171, 0.9400905087969698]
[0, 85, 13, 15, 4, 4, 1, 1, 0.1855948503867556, 0.3771688374852178, 5, 44, 9, 6, 8, 9, 0, 3, 0.6115109859895289, 0.43277236415946485, 3, 62, 9, 12, 10, 3, 1, 9, 0.37376352997743234, 0.4916683274900383, 2, 90, 1, 1, 3, 9, 1, 8, 0.124154762161098, 0.9960255386845072, 0, 64, 1, 1, 6, 4, 1, 6, 0.060871140259050716, 0.4255206234967528, 4, 88, 3, 1, 2, 2, 1, 1, 0.45256161684761476, 0.41410071940865123, 4, 47, 1, 1, 9, 2, 1, 0, 0.7309627526769246, 0.6813487775674819, 4, 68, 1, 1, 1, 6, 0, 5, 0.9862945457445783, 0.33522643335553826, 2, 31, 1, 1, 10, 2, 1, 8, 0.2678410623850852, 0.6097281497309599, 1, 99, 1, 1, 10, 4, 1, 6, 0.8141453242879796, 0.9860427984692463]
[1, 79, 13, 15, 6, 2, 1, 8, 0.6660200030354106, 0.8026838350802766, 3, 33, 9, 6, 10, 7, 1, 0, 0.38506616659915327, 0.5910472903584798, 2, 71, 9, 12, 3, 3, 1, 6, 0.04595769883954548, 0.9658154904047607, 2, 38, 1, 1, 8, 3, 0, 1, 0.794945153587219, 0.5952298028658684, 0, 95, 1, 1, 10, 6, 0, 9, 0.19165894968017871, 0.3444725572080072, 0, 46, 3, 1, 4, 1, 0, 8, 0.641389175612645, 0.6628268208442056, 3, 27, 1, 1, 1, 1, 0, 8, 0.4664348726454596, 0.9096423847309323, 5, 33, 1, 1, 1, 9, 1, 4, 0.43015567040051106, 0.8010049858324315, 1, 44, 1, 1, 9, 4, 0, 2, 0.2867217463626687, 0.3670452265330346, 3, 27, 1, 1, 6, 2, 0, 6, 0.12516533877166391, 0.19845076280125595]
[3, 50, 13, 15, 3, 5, 1, 2, 0.45587836456429787, 0.8555947600511783, 5, 76, 9, 6, 6, 4, 1, 1, 0.1585658809416396, 0.865345721760797, 3, 24, 9, 12, 4, 3, 1, 10, 0.4499473252280658, 0.45022858754073614, 2, 76, 1, 1, 7, 7, 1, 8, 0.3939784191244945, 0.520408362828241, 2, 51, 1, 1, 9, 5, 1, 8, 0.37608210891530514, 0.4605359517492237, 4, 73, 3, 1, 7, 3, 0, 1, 0.09039864074877313, 0.9565863320598674, 5, 87, 1, 1, 10, 3, 0, 8, 0.2918864524223651, 0.4945750897872617, 2, 77, 1, 1, 9, 1, 1, 1, 0.07120751468794662, 0.4566289642486877, 1, 5, 1, 1, 6, 7, 1, 3, 0.29278086101013157, 0.8620733855870018, 1, 34, 1, 1, 0, 9, 0, 5, 0.602117133718178, 0.3408749166503987]
[2, 23, 13, 15, 3, 1, 0, 9, 0.7419166135563076, 0.06740599653170587, 5, 71, 9, 6, 1, 10, 0, 1, 0.4166407063826082, 0.4905112500721034, 0, 26, 9, 12, 8, 9, 0, 7, 0.3394267863791577, 0.5780739064196342, 2, 57, 1, 1, 7, 3, 1, 1, 0.7323449879699363, 0.6348666887978796, 2, 59, 1, 1, 6, 5, 1, 0, 0.4140127396622669, 0.4916816506734385, 4, 83, 3, 1, 2, 2, 0, 8, 0.351579270803678, 0.6395165576410395, 2, 90, 1, 1, 1, 1, 1, 5, 0.534657671774233, 0.86201768415979, 1, 52, 1, 1, 7, 2, 0, 7, 0.07920629100067411, 0.15109340624277956, 3, 44, 1, 1, 5, 6, 1, 4, 0.04644797548818058, 0.9268026129438833, 3, 42, 1, 1, 4, 9, 0, 10, 0.36041949969962095, 0.833021638841133]
[2, 48, 13, 15, 0, 6, 0, 5, 0.28514328215624074, 0.22824607246396877, 1, 98, 9, 6, 3, 1, 0, 5, 0.2029491069331072, 0.9115170262735128, 3, 73, 9, 12, 4, 7, 0, 3, 0.7246782471121802, 0.8157641564763811, 2, 13, 1, 1, 1, 3, 0, 3, 0.19772898524811544, 0.5216350022712478, 5, 82, 1, 1, 10, 10, 0, 1, 0.1853061495192141, 0.09786318035630959, 4, 55, 3, 1, 0, 2, 1, 5, 0.5495402882071311, 0.26608678332784685, 3, 61, 1, 1, 4, 2, 1, 7, 0.8467288773657149, 0.747585104127664, 4, 4, 1, 1, 10, 3, 1, 1, 0.08533109903473901, 0.2854010131702053, 2, 33, 1, 1, 10, 5, 0, 2, 0.7780997633143675, 0.526073185824445, 4, 37, 1, 1, 9, 9, 0, 3, 0.3502099986936795, 0.014969339283097405]
[0, 6, 13, 15, 9, 4, 0, 8, 0.8903100680779671, 0.37604170840542817, 0, 90, 9, 6, 9, 7, 0, 5, 0.6457373809738184, 0.5230893163931496, 1, 15, 9, 12, 7, 2, 1, 10, 0.9919439037434006, 0.21055607327835946, 0, 83, 1, 1, 3, 2, 1, 10, 0.5917182712976564, 0.08029033067749569, 1, 14, 1, 1, 6, 8, 1, 2, 0.29476370628059656, 0.9984348100654883, 2, 36, 3, 1, 4, 3, 0, 7, 0.4531447480593783, 0.6159576731997234, 3, 85, 1, 1, 2, 4, 0, 8, 0.3702154198165628, 0.7258416097377858, 1, 61, 1, 1, 5, 9, 1, 0, 0.06186504155742989, 0.2658682958536769, 2, 100, 1, 1, 1, 2, 0, 8, 0.6465299526455615, 0.5938016378602146, 4, 83, 1, 1, 7, 4, 0, 2, 0.7033156132778279, 0.1635887136893478]
[0, 59, 13, 15, 2, 4, 1, 2, 0.9086077802904549, 0.10792329214246388, 2, 84, 9, 6, 3, 9, 1, 6, 0.41375301760320204, 0.9133539539790765, 5, 7, 9, 12, 9, 8, 0, 10, 0.2637956135589724, 0.07949884156811382, 4, 63, 1, 1, 0, 4, 1, 7, 0.8591898432112431, 0.5359890412734308, 1, 71, 1, 1, 8, 4, 0, 10, 0.4701509692535891, 0.48386199340327307, 3, 19, 3, 1, 10, 2, 0, 4, 0.5546089176075879, 0.44461294003384766, 5, 99, 1, 1, 4, 8, 1, 1, 0.36631239089657885, 0.04597050356265153, 5, 91, 1, 1, 10, 9, 1, 0, 0.8455823579064048, 0.01418001520705836, 1, 42, 1, 1, 10, 2, 1, 0, 0.8282434901602852, 0.186907817200065, 1, 19, 1, 1, 10, 9, 1, 8, 0.018334754972126777, 0.9065488067144547]
[5, 72, 13, 15, 6, 7, 1, 9, 0.9629996847032386, 0.8883004307552631, 5, 93, 9, 6, 2, 5, 1, 4, 0.7140693322423202, 0.8562605749503738, 5, 16, 9, 12, 6, 5, 0, 4, 0.6268751918555344, 0.43530800249307566, 3, 37, 1, 1, 0, 8, 1, 1, 0.12407067083429768, 0.29548774697525126, 1, 9, 1, 1, 1, 8, 1, 8, 0.08836068401316322, 0.5639442580740872, 1, 5, 3, 1, 6, 3, 0, 3, 0.5209076623957313, 0.2667947855120639, 3, 80, 1, 1, 8, 2, 1, 9, 0.671222435260886, 0.03231533650422802, 5, 85, 1, 1, 5, 1, 1, 7, 0.38561184300689433, 0.10210742593131283, 4, 84, 1, 1, 3, 7, 1, 4, 0.3667436123227288, 0.6245782202108118, 4, 52, 1, 1, 5, 5, 0, 1, 0.08552107355847505, 0.045565204148307004]
[2, 13, 13, 15, 6, 1, 1, 5, 0.17959303099518364, 0.9283934567531171, 4, 85, 9, 6, 0, 4, 0, 5, 0.32388995920862984, 0.7961233211548604, 4, 88, 9, 12, 3, 3, 1, 8, 0.33774214685521753, 0.8149683091306629, 2, 60, 1, 1, 2, 1, 0, 9, 0.10563225260888243, 0.14052374676445845, 1, 9, 1, 1, 6, 9, 1, 7, 0.40772288685367886, 0.9289771878821366, 5, 9, 3, 1, 4, 7, 0, 6, 0.8807752057234309, 0.4754297624796989, 3, 7, 1, 1, 7, 2, 0, 4, 0.12571319403704806, 0.6180772635828279, 2, 9, 1, 1, 6, 1, 0, 8, 0.9208298315506401, 0.01426059429030846, 4, 59, 1, 1, 10, 6, 1, 9, 0.6583968136220681, 0.31678153499972195, 4, 86, 1, 1, 0, 9, 1, 0, 0.41713590458724614, 0.29438409604880633]
[5, 57, 13, 15, 1, 3, 0, 0, 0.6944307627446377, 0.38982618612416864, 0, 74, 9, 6, 4, 8, 0, 2, 0.11803921719712918, 0.6018476911971, 3, 26, 9, 12, 3, 5, 0, 0, 0.9588846608517865, 0.6220112613207689, 3, 27, 1, 1, 3, 5, 1, 10, 0.01618366362151058, 0.9132057416268387, 0, 81, 1, 1, 2, 4, 1, 1, 0.39160201492764535, 0.2131190059047373, 5, 47, 3, 1, 10, 2, 0, 1, 0.9856714215746163, 0.9559633107476233, 2, 3, 1, 1, 3, 10, 1, 8, 0.7439576928774172, 0.9607307698558993, 5, 56, 1, 1, 10, 4, 1, 7, 0.6308101549962456, 0.06522034328745874, 3, 22, 1, 1, 4, 9, 1, 9, 0.2477196363048556, 0.1482809542137058, 0, 96, 1, 1, 5, 2, 0, 3, 0.8583305371902246, 0.32496137685912574]
[0, 87, 13, 15, 2, 1, 0, 8, 0.6430407017535076, 0.5937312795653177, 2, 48, 9, 6, 1, 4, 1, 4, 0.12320069820573032, 0.18674490385935805, 1, 48, 9, 12, 7, 3, 0, 4, 0.9082028094215104, 0.5273474112614531, 0, 47, 1, 1, 10, 5, 1, 10, 0.8678522260111313, 0.7178149690182136, 3, 76, 1, 1, 9, 8, 0, 2, 0.15425141541838516, 0.3488055992064466, 1, 68, 3, 1, 4, 10, 0, 4, 0.18271153183179367, 0.5939065347701278, 0, 31, 1, 1, 10, 2, 0, 9, 0.6735019606374152, 0.14643258081698018, 2, 98, 1, 1, 4, 10, 1, 5, 0.8295997520781856, 0.7656103210257581, 3, 78, 1, 1, 1, 5, 1, 3, 0.06911807237570378, 0.7013682282081495, 2, 66, 1, 1, 10, 9, 1, 0, 0.9010566852474695, 0.5870080561395855]
[3, 80, 13, 15, 0, 10, 0, 1, 0.7850504717995298, 0.6501887038975239, 3, 18, 9, 6, 5, 2, 0, 8, 0.298934572801699, 0.11756118213304001, 4, 13, 9, 12, 4, 8, 0, 2, 0.5429945697337019, 0.07355140158098294, 5, 30, 1, 1, 10, 9, 0, 6, 0.19787295659585358, 0.8740620424918609, 5, 12, 1, 1, 8, 6, 1, 10, 0.8483850788880226, 0.10232963095224934, 2, 27, 3, 1, 1, 6, 0, 4, 0.4052314008665432, 0.9182289399182266, 5, 84, 1, 1, 4, 6, 1, 4, 0.8941509572724216, 0.7085159549809823, 1, 85, 1, 1, 3, 3, 0, 10, 0.14958363268281538, 0.9567470416550172, 2, 80, 1, 1, 2, 7, 0, 7, 0.5660348861615282, 0.16842787883845212, 2, 48, 1, 1, 0, 2, 1, 4, 0.14595094488636073, 0.4010897370268959]
[0, 33, 13, 15, 9, 9, 1, 1, 0.7993116277381883, 0.3814575016245658, 1, 92, 9, 6, 4, 2, 0, 4, 0.6224113673539482, 0.2638020622559709, 1, 21, 9, 12, 2, 6, 1, 8, 0.1253753746155113, 0.10055287210830888, 5, 3, 1, 1, 1, 5, 1, 5, 0.3049482805762377, 0.3873239035165088, 4, 64, 1, 1, 8, 3, 1, 8, 0.38883357797917384, 0.45424330636920573, 1, 50, 3, 1, 5, 9, 0, 0, 0.9117172096444117, 0.584397547844786, 3, 34, 1, 1, 3, 6, 0, 5, 0.528210656454689, 0.7908717205317534, 1, 85, 1, 1, 10, 8, 0, 10, 0.19090276890859093, 0.583927068404727, 5, 62, 1, 1, 9, 2, 0, 3, 0.3823701167983885, 0.3482965111651145, 5, 49, 1, 1, 0, 7, 1, 8, 0.8105323974406528, 0.8378236750112952]
[4, 65, 13, 15, 10, 4, 1, 9, 0.1358886354018315, 0.05632829384119631, 1, 82, 9, 6, 9, 8, 0, 8, 0.2497055114737955, 0.9093595558263319, 5, 20, 9, 12, 0, 3, 1, 0, 0.1099109940227837, 0.7373722954882539, 2, 10, 1, 1, 9, 10, 0, 1, 0.7262618871389648, 0.08373761022750992, 3, 56, 1, 1, 6, 5, 1, 6, 0.3327497453317848, 0.03696923238010308, 4, 4, 3, 1, 7, 8, 0, 4, 0.9528958319879676, 0.033576553515245244, 0, 86, 1, 1, 2, 8, 0, 4, 0.97371984820808, 0.1343104597376077, 2, 49, 1, 1, 8, 3, 0, 5, 0.48290972330671755, 0.09465097993754146, 1, 60, 1, 1, 9, 5, 0, 1, 0.834592370277804, 0.2664072560849019, 4, 75, 1, 1, 4, 2, 0, 4, 0.49826122239951287, 0.07750611278148345]
[3, 31, 13, 15, 8, 4, 1, 6, 0.8449881345579847, 0.2679338910193646, 2, 11, 9, 6, 9, 2, 1, 1, 0.6223950048229931, 0.3687608716171641, 3, 67, 9, 12, 4, 3, 0, 5, 0.6818355857304181, 0.7855053164573959, 5, 72, 1, 1, 2, 5, 0, 6, 0.5235263091517799, 0.284850056587847, 4, 92, 1, 1, 3, 1, 1, 6, 0.9573505319856649, 0.8353390702580276, 1, 99, 3, 1, 6, 2, 1, 2, 0.2519187116120588, 0.20002016128294975, 1, 20, 1, 1, 3, 7, 1, 8, 0.8466580375418936, 0.17320719910587268, 3, 33, 1, 1, 2, 7, 1, 4, 0.8685069749897002, 0.9295490306762034, 3, 75, 1, 1, 3, 4, 1, 2, 0.8963623820829428, 0.3372250686966459, 0, 4, 1, 1, 3, 5, 1, 5, 0.6993042209249345, 0.9069748570107753]
[5, 93, 13, 15, 1, 2, 0, 0, 0.5369036298885207, 0.3372030665518446, 3, 48, 9, 6, 7, 6, 1, 6, 0.2577540440930216, 0.9265350144196379, 3, 33, 9, 12, 7, 6, 0, 9, 0.7751294014694976, 0.9797889019810168, 1, 53, 1, 1, 8, 9, 1, 5, 0.23545629350691155, 0.014828510909859594, 4, 57, 1, 1, 9, 3, 1, 10, 0.7533422951717157, 0.4012075648586769, 1, 89, 3, 1, 3, 3, 0, 10, 0.21987316086663355, 0.3537569440656053, 0, 5, 1, 1, 4, 10, 0, 5, 0.5515069799304358, 0.8240165551346399, 1, 100, 1, 1, 6, 3, 0, 8, 0.6394640501473517, 0.7743507294064353, 1, 73, 1, 1, 8, 9, 1, 10, 0.015782602275218216, 0.14173099605091388, 5, 64, 1, 1, 9, 7, 0, 8, 0.7014835380542852, 0.4436882569424533]
[0, 17, 13, 15, 1, 7, 0, 4, 0.24390095400309975, 0.5612945836078413, 5, 10, 9, 6, 2, 2, 1, 10, 0.1626235911085394, 0.3972675935029859, 2, 27, 9, 12, 6, 4, 1, 7, 0.7646727226141512, 0.531858170560429, 2, 13, 1, 1, 9, 2, 0, 1, 0.6455210476066937, 0.3860588002621965, 2, 11, 1, 1, 4, 9, 1, 2, 0.31731580394025294, 0.931603196289753, 4, 47, 3, 1, 5, 9, 0, 9, 0.25190730777657466, 0.13992799066902617, 3, 45, 1, 1, 7, 6, 1, 7, 0.17114226230122087, 0.7752751406924384, 3, 79, 1, 1, 0, 2, 1, 10, 0.09453830043996747, 0.4923986893030545, 1, 2, 1, 1, 7, 1, 0, 5, 0.7250072271259225, 0.376643945186122, 4, 95, 1, 1, 6, 8, 1, 5, 0.10721201927101487, 0.8388089489621754]
[3, 75, 13, 15, 1, 9, 0, 9, 0.6802936713098429, 0.5780641245813222, 4, 23, 9, 6, 6, 10, 1, 7, 0.4598925007371131, 0.9569184508230325, 1, 90, 9, 12, 3, 10, 0, 4, 0.6556877438731937, 0.26888073036645654, 2, 21, 1, 1, 3, 2, 1, 0, 0.16538934275352146, 0.5808231575947873, 3, 95, 1, 1, 8, 5, 1, 1, 0.48815834907835287, 0.7766329289262117, 5, 82, 3, 1, 10, 3, 0, 9, 0.6048417034919327, 0.46192466052779824, 2, 24, 1, 1, 10, 5, 0, 0, 0.24497022727764328, 0.6373382882103581, 3, 8, 1, 1, 1, 5, 0, 6, 0.027339591285067133, 0.22514654397258493, 4, 62, 1, 1, 3, 9, 0, 2, 0.014994632277675057, 0.23162045835704537, 2, 72, 1, 1, 2, 2, 1, 3, 0.43744936342597085, 0.5176920016072668]
[2, 100, 13, 15, 9, 6, 1, 9, 0.6381606853778362, 0.02310370114498783, 0, 92, 9, 6, 10, 9, 0, 0, 0.7915846633575356, 0.6057037331601892, 2, 3, 9, 12, 9, 7, 1, 6, 0.31029281979827994, 0.987531926772729, 4, 40, 1, 1, 8, 7, 1, 7, 0.8438983296337159, 0.5113498000290219, 0, 82, 1, 1, 8, 7, 0, 9, 0.9905819935234487, 0.9877213517937088, 1, 67, 3, 1, 9, 8, 1, 8, 0.8058008346429336, 0.6824869467478081, 3, 36, 1, 1, 1, 4, 0, 9, 0.5761964628965838, 0.8070509017744871, 1, 21, 1, 1, 6, 4, 0, 9, 0.2814039059826434, 0.2745052598243861, 5, 99, 1, 1, 2, 4, 0, 6, 0.265623889537296, 0.02972666204810237, 5, 85, 1, 1, 5, 7, 1, 8, 0.5571954948507523, 0.472794103346874]
[0, 81, 13, 15, 2, 6, 0, 5, 0.3365788973614654, 0.773701952890022, 3, 28, 9, 6, 3, 1, 0, 7, 0.40117646293296294, 0.6865164185044077, 2, 51, 9, 12, 10, 3, 1, 7, 0.8152875427825839, 0.9059622367120259, 5, 12, 1, 1, 8, 1, 0, 8, 0.7905371179554869, 0.5443722942264362, 2, 86, 1, 1, 4, 9, 0, 10, 0.27025265696804224, 0.4604493957328898, 5, 97, 3, 1, 0, 5, 1, 10, 0.117967058962129, 0.8015741112638716, 2, 16, 1, 1, 7, 10, 0, 1, 0.8659875485374011, 0.08053547836196917, 0, 60, 1, 1, 3, 9, 0, 0, 0.8522041739969796, 0.2094067495374462, 5, 70, 1, 1, 1, 9, 1, 9, 0.9080838565249061, 0.762735645612602, 1, 30, 1, 1, 0, 3, 0, 8, 0.5545431039066918, 0.4392740602553561]
[0, 64, 13, 15, 7, 4, 1, 4, 0.790118036769698, 0.1471263762509507, 4, 54, 9, 6, 9, 7, 1, 10, 0.0803792736369211, 0.5030474655089926, 4, 45, 9, 12, 2, 3, 0, 3, 0.8708212224431109, 0.5782477644578861, 2, 47, 1, 1, 2, 4, 0, 4, 0.5002836949462349, 0.5928553070036077, 0, 83, 1, 1, 1, 7, 0, 8, 0.527933009355411, 0.885401329052051, 3, 34, 3, 1, 9, 10, 0, 3, 0.40980203608362686, 0.8948624339557932, 4, 27, 1, 1, 2, 6, 0, 8, 0.9584857923104143, 0.07836781126695624, 2, 37, 1, 1, 6, 8, 1, 8, 0.40988526145890225, 0.18375495660485486, 1, 27, 1, 1, 6, 4, 0, 9, 0.8840253655679849, 0.9078814353077315, 0, 66, 1, 1, 2, 7, 1, 2, 0.2507216331671628, 0.7650711167309844]
[1, 51, 13, 15, 5, 2, 0, 0, 0.07391878252241224, 0.8162579290147142, 4, 70, 9, 6, 2, 10, 1, 9, 0.9157710324724521, 0.8790773302855321, 5, 20, 9, 12, 10, 8, 1, 3, 0.5025881544637814, 0.5763646850475276, 2, 97, 1, 1, 10, 5, 0, 2, 0.41718464286076884, 0.9790290626972724, 5, 67, 1, 1, 6, 3, 1, 3, 0.6904726290616942, 0.6533093705043306, 2, 81, 3, 1, 1, 9, 0, 9, 0.9513530534446045, 0.5624787918374368, 3, 2, 1, 1, 8, 4, 1, 5, 0.10069932120171143, 0.4836010711654243, 4, 54, 1, 1, 7, 1, 0, 10, 0.07465236999895775, 0.9149268209078948, 5, 5, 1, 1, 6, 2, 1, 6, 0.06692256034536681, 0.565419452575028, 5, 99, 1, 1, 4, 6, 0, 8, 0.6441950305909094, 0.17466842976911834]
[0, 21, 13, 15, 6, 7, 1, 4, 0.38377822050683574, 0.01459782496443962, 0, 93, 9, 6, 9, 6, 1, 5, 0.1813225730939293, 0.24130187655564705, 5, 83, 9, 12, 5, 9, 1, 7, 0.07100996186576425, 0.8698606664301812, 4, 27, 1, 1, 5, 9, 0, 8, 0.09984651473889872, 0.8450735451836936, 3, 90, 1, 1, 0, 5, 0, 1, 0.7704921894756503, 0.014657307579722945, 0, 16, 3, 1, 3, 10, 0, 4, 0.6515543894671226, 0.09070613673222483, 2, 33, 1, 1, 7, 1, 1, 4, 0.7237203945879762, 0.776804831420276, 4, 62, 1, 1, 3, 3, 0, 7, 0.9961875767633755, 0.6315900350797456, 1, 55, 1, 1, 10, 6, 1, 10, 0.2945319855896318, 0.8276632981586955, 5, 30, 1, 1, 3, 9, 0, 10, 0.9621195831977903, 0.5245101909660022]
[1, 60, 13, 15, 0, 10, 1, 9, 0.2959282157339759, 0.048492002368794807, 4, 57, 9, 6, 8, 8, 0, 4, 0.12444031289527202, 0.03371955619835176, 1, 9, 9, 12, 8, 10, 0, 9, 0.6324576848191272, 0.6371018145233729, 4, 7, 1, 1, 6, 10, 1, 8, 0.6145360666509807, 0.20659557516072335, 3, 62, 1, 1, 3, 2, 1, 2, 0.975272512170041, 0.4944464743994078, 3, 78, 3, 1, 1, 8, 1, 4, 0.06725111461457445, 0.251898963824265, 1, 7, 1, 1, 5, 8, 1, 6, 0.7046951345942001, 0.17185349971395625, 5, 17, 1, 1, 7, 7, 0, 1, 0.2973282793077312, 0.5718882918892909, 0, 44, 1, 1, 2, 5, 1, 5, 0.5502412612088875, 0.9276122842975866, 4, 57, 1, 1, 2, 5, 0, 0, 0.15219684549588952, 0.45148478140962534]
population_size:  32
selection_size:  16
MUTPB:  0.2
NGEN:  5000
Traceback (most recent call last):
  File "evolve_neural_network.py", line 516, in <module>
    pickle.dump(fitnesses, fil)
TypeError: 'NoneType' object is not iterable
srun: error: node002: task 0: Exited with exit code 1
